4 56.186 4 1 75.061 12 2
4 55.674 4 1 77.155 4 2
4 54.950 0 1 75.944 4 2
4 54.966 0 1 75.050 8 2
4 54.966 0 1 74.553 4 2
4 57.016 4 1 78.595 0 2
4 55.769 4 1 76.847 4 2
4 55.666 0 1 78.500 8 2
4 55.581 0 1 77.178 0 2
4 56.182 4 1 75.758 0 2
4 55.514 4 1 76.991 4 2
4 56.018 0 1 76.847 4 2
4 55.546 0 1 77.343 0 2
4 55.678 0 1 90.656 4 2
4 55.744 0 1 77.560 4 2
4 55.146 0 1 77.090 4 2
4 55.146 0 1 77.910 4 2
4 55.140 4 1 75.254 4 2
4 54.993 0 1 75.492 0 2
4 54.993 0 1 76.267 4 2
4 56.371 0 1 85.004 0 2
4 56.371 0 1 75.509 4 2
4 56.217 4 1 75.984 0 2
4 55.087 4 1 74.906 8 2
4 54.547 0 1 75.044 0 2
4 54.331 8 1 74.567 4 2
4 55.179 4 1 75.090 0 2
4 54.614 0 1 75.283 0 2
4 54.614 0 1 74.307 8 2
4 54.663 0 1 74.910 8 2
4 54.602 0 1 76.043 0 2
4 54.602 0 1 74.833 12 2
4 54.812 8 1 75.521 8 2
4 55.370 0 1 74.638 0 2
4 55.370 0 1 75.348 4 2
4 54.154 0 1 74.435 4 2
4 56.823 0 1 76.578 0 2
4 53.989 0 1 76.506 8 2
4 56.550 0 1 74.364 4 2
4 54.355 0 1 73.980 4 2
4 54.711 0 1 74.445 4 2
4 54.390 4 1 75.005 12 2
4 54.635 0 1 73.887 0 2
4 56.182 0 1 75.020 0 2
4 54.744 0 1 75.751 4 2
4 54.457 0 1 75.274 12 2
4 54.457 0 1 74.366 0 2
4 54.129 4 1 74.167 8 2
4 54.921 4 1 75.064 0 2
4 55.959 0 1 75.433 0 2
4 54.808 0 1 74.973 8 2
4 55.490 0 1 74.047 8 2
4 55.490 0 1 74.841 4 2
4 54.329 0 1 73.746 4 2
4 55.450 0 1 74.473 16 2
4 55.450 0 1 77.715 4 2
4 60.957 4 1 81.763 4 2
4 55.742 0 1 74.273 4 2
4 53.708 4 1 74.552 8 2
4 55.063 0 1 75.324 0 2
4 55.063 0 1 74.519 8 2
4 54.161 4 1 74.820 0 2
4 54.986 4 1 75.260 0 2
4 54.775 0 1 74.414 4 2
4 56.130 0 1 74.178 0 2
4 54.786 0 1 76.358 0 2
4 54.269 0 1 75.019 0 2
4 54.643 0 1 75.353 0 2
4 54.142 0 1 74.991 4 2
4 54.142 0 1 75.001 12 2
4 54.899 4 1 74.924 4 2
4 53.818 0 1 74.166 8 2
4 53.818 0 1 74.344 8 2
4 54.109 0 1 76.041 8 2
4 53.225 0 1 74.619 4 2
4 53.225 0 1 74.068 8 2
4 54.054 0 1 75.438 8 2
4 54.612 0 1 74.943 4 2
4 54.911 0 1 74.863 4 2
4 54.622 0 1 75.045 4 2
4 55.314 0 1 75.208 0 2
4 54.925 0 1 75.393 4 2
4 55.278 0 1 75.493 0 2
4 55.278 0 1 74.607 0 2
4 54.488 0 1 76.633 12 2
4 57.988 0 1 75.307 8 2
4 57.988 0 1 79.133 4 2
4 55.283 4 1 76.247 4 2
4 54.507 12 1 75.222 0 2
4 54.648 0 1 75.028 0 2
4 55.975 0 1 76.424 8 2
4 55.975 0 1 76.307 4 2
4 55.117 4 1 76.144 0 2
4 55.058 0 1 76.620 4 2
4 55.058 0 1 74.830 4 2
4 55.641 0 1 74.542 4 2
4 55.641 0 1 74.351 0 2
4 56.890 0 1 80.469 4 2
4 54.641 0 1 74.595 0 2
4 54.651 0 1 75.563 4 2
4 55.582 0 1 75.175 0 2
4 55.582 0 1 75.641 8 2
4 54.067 12 1 74.161 8 2
4 54.204 4 1 75.321 4 2
4 54.931 4 1 75.207 4 2
4 54.534 0 1 74.533 4 2
4 54.040 4 1 74.003 4 2
4 54.411 8 1 74.804 4 2
4 55.005 0 1 75.390 0 2
4 55.005 0 1 75.744 8 2
4 54.287 8 1 74.551 4 2
4 55.653 4 1 76.655 4 2
4 58.912 8 1 80.861 8 2
4 54.748 0 1 75.233 8 2
4 54.762 0 1 74.755 4 2
4 53.823 0 1 75.026 0 2
4 53.823 0 1 74.828 8 2
4 54.324 0 1 76.150 0 2
4 54.906 0 1 74.962 0 2
4 54.487 0 1 74.296 0 2
4 55.466 0 1 74.488 8 2
4 54.793 0 1 74.591 0 2
4 53.706 0 1 74.042 8 2
4 54.527 0 1 74.085 0 2
4 54.037 0 1 74.719 8 2
4 54.037 0 1 74.723 4 2
4 54.597 4 1 76.327 0 2
4 53.913 4 1 76.707 0 2
4 54.271 4 1 75.223 4 2
4 54.537 8 1 74.774 4 2
4 54.704 0 1 75.034 0 2
4 54.132 0 1 74.692 4 2
4 54.132 0 1 74.500 4 2
4 57.132 4 1 92.024 0 2
4 60.074 0 1 87.841 4 2
4 54.555 4 1 75.973 0 2
4 54.707 0 1 74.348 4 2
4 53.969 4 1 74.637 4 2
4 55.503 0 1 75.899 4 2
4 54.902 0 1 75.449 12 2
4 55.498 0 1 75.098 4 2
4 56.237 4 1 74.687 4 2
4 54.917 4 1 75.244 0 2
4 55.285 0 1 74.249 4 2
4 59.343 0 1 81.971 8 2
4 56.088 4 1 75.985 4 2
4 56.110 4 1 75.872 4 2
4 54.527 4 1 75.946 0 2
4 54.558 4 1 75.287 8 2
4 54.861 4 1 75.969 0 2
4 54.617 4 1 75.878 4 2
4 55.631 0 1 76.066 4 2
4 54.053 0 1 75.688 4 2
4 55.915 4 1 75.049 4 2
4 55.839 4 1 75.987 16 2
4 54.733 4 1 75.386 8 2
4 55.228 8 1 74.370 0 2
4 54.224 8 1 75.195 4 2
4 54.620 0 1 74.337 4 2
4 55.777 4 1 76.690 4 2
4 55.297 0 1 74.912 0 2
4 55.924 0 1 75.180 4 2
4 54.730 0 1 74.901 8 2
4 55.441 0 1 74.668 4 2
4 54.656 0 1 74.343 0 2
4 58.334 0 1 74.840 8 2
4 56.195 0 1 81.609 0 2
4 53.721 0 1 74.806 0 2
4 53.721 0 1 75.478 8 2
4 54.357 0 1 74.813 8 2
4 55.900 0 1 74.216 0 2
4 55.900 0 1 76.068 4 2
4 59.066 4 1 75.321 8 2
4 55.457 4 1 74.814 0 2
4 54.440 4 1 74.784 0 2
4 54.165 4 1 73.968 8 2
4 55.260 0 1 75.144 0 2
4 54.162 0 1 75.853 4 2
4 60.419 0 1 74.546 0 2
4 60.419 0 1 80.987 4 2
4 54.889 0 1 75.587 0 2
4 54.889 0 1 74.534 0 2
4 54.147 0 1 74.611 4 2
4 54.147 0 1 73.842 0 2
4 57.213 4 1 78.868 8 2
4 54.076 0 1 74.956 0 2
4 54.076 0 1 74.515 4 2
4 54.463 0 1 79.165 8 2
4 53.949 0 1 73.957 8 2
4 54.354 0 1 74.916 0 2
4 55.678 0 1 74.912 4 2
4 55.678 0 1 75.863 0 2
4 56.377 4 1 77.743 4 2
4 54.540 0 1 81.788 8 2
4 54.092 0 1 74.887 8 2
4 54.092 0 1 74.581 4 2
4 53.733 0 1 75.442 8 2
4 54.316 0 1 74.536 4 2
4 54.316 0 1 74.548 0 2
4 54.566 0 1 73.843 4 2
4 54.566 0 1 75.057 4 2
4 56.792 0 1 74.432 4 2
4 54.411 0 1 74.393 0 2
4 54.263 0 1 74.426 4 2
4 54.263 0 1 74.291 0 2
4 53.663 4 1 74.133 4 2
4 53.529 8 1 73.727 12 2
4 54.115 8 1 75.048 16 2
4 53.950 0 1 75.862 12 2
4 55.379 0 1 74.408 4 2
4 59.308 0 1 80.880 4 2
4 59.308 0 1 74.873 0 2
4 63.924 0 1 73.712 4 2
4 54.292 0 1 74.200 4 2
4 54.292 0 1 74.549 16 2
4 56.338 4 1 74.434 4 2
4 54.697 4 1 74.640 8 2
4 55.274 0 1 76.946 4 2
4 55.594 4 1 78.642 4 2
4 55.825 0 1 78.772 4 2
4 55.726 0 1 77.939 0 2
4 55.822 0 1 78.835 4 2
4 57.832 0 1 79.048 0 2
4 55.411 0 1 83.111 8 2
4 55.408 0 1 76.751 4 2
4 55.408 0 1 76.737 0 2
4 56.813 4 1 82.854 0 2
4 57.318 0 1 78.699 0 2
4 55.209 8 1 78.585 4 2
4 56.324 0 1 78.454 8 2
4 58.328 0 1 83.313 0 2
4 55.702 4 1 77.966 4 2
4 55.966 0 1 78.438 0 2
4 55.966 0 1 78.494 4 2
4 57.362 4 1 81.028 4 2
4 56.765 12 1 78.343 8 2
4 55.548 4 1 77.894 4 2
4 57.527 0 1 78.327 0 2
4 55.904 0 1 78.664 4 2
4 55.734 0 1 78.686 8 2
4 55.734 0 1 78.426 8 2
4 56.834 0 1 79.631 0 2
4 55.648 4 1 79.034 16 2
4 55.664 0 1 78.520 8 2
4 55.961 0 1 78.387 0 2
4 55.842 0 1 78.120 0 2
4 55.828 0 1 78.248 0 2
4 55.616 0 1 78.593 0 2
4 55.670 0 1 78.977 4 2
4 55.495 0 1 78.431 0 2
4 55.495 0 1 78.480 0 2
4 56.438 4 1 78.118 0 2
4 55.638 0 1 78.471 4 2
4 55.433 4 1 77.189 4 2
4 56.295 0 1 78.202 8 2
4 55.820 0 1 78.900 0 2
4 55.820 0 1 78.833 8 2
4 55.918 0 1 78.696 4 2
4 56.549 4 1 78.761 0 2
4 55.468 4 1 78.485 0 2
4 55.715 0 1 78.589 0 2
4 55.431 0 1 76.451 8 2
4 56.264 4 1 81.977 4 2
4 57.282 4 1 78.722 8 2
4 55.473 4 1 78.655 0 2
4 55.686 4 1 78.290 8 2
4 55.594 4 1 83.953 4 2
4 61.266 0 1 78.938 0 2
4 56.172 4 1 77.912 4 2
4 55.684 4 1 78.495 0 2
4 55.749 4 1 78.686 0 2
4 55.557 4 1 78.371 0 2
4 55.722 0 1 78.913 8 2
4 56.784 0 1 78.555 16 2
4 55.651 0 1 77.674 4 2
4 56.438 0 1 79.187 0 2
4 55.710 0 1 78.699 8 2
4 55.750 0 1 77.903 0 2
4 55.363 4 1 78.172 8 2
4 55.636 4 1 78.153 12 2
4 55.594 4 1 79.133 4 2
4 56.196 0 1 78.184 0 2
4 55.887 0 1 79.106 4 2
4 55.769 0 1 78.638 4 2
4 55.365 0 1 79.177 8 2
4 55.365 0 1 77.209 0 2
4 55.529 4 1 78.593 4 2
4 55.698 0 1 77.708 4 2
4 55.739 4 1 78.314 4 2
4 55.975 4 1 78.267 8 2
4 56.075 4 1 77.703 0 2
4 55.514 0 1 78.479 0 2
4 55.037 0 1 77.837 0 2
4 55.005 0 1 77.526 0 2
4 57.673 4 1 89.433 4 2
4 60.052 0 1 77.980 4 2
4 55.614 0 1 77.399 0 2
4 55.848 4 1 78.429 4 2
4 56.013 4 1 78.269 4 2
4 55.718 4 1 78.872 4 2
4 55.911 4 1 78.702 0 2
4 55.395 4 1 76.926 8 2
4 55.808 4 1 77.866 0 2
4 57.868 4 1 81.471 4 2
4 56.558 0 1 78.173 4 2
4 56.017 0 1 78.486 0 2
4 55.867 4 1 78.120 12 2
4 55.734 4 1 78.628 4 2
4 55.901 0 1 78.224 4 2
4 56.110 0 1 78.109 0 2
4 56.463 8 1 78.601 0 2
4 55.936 8 1 78.017 0 2
4 55.422 0 1 79.643 0 2
4 56.599 4 1 78.743 4 2
4 55.518 4 1 77.968 8 2
4 55.906 4 1 78.075 0 2
4 56.282 4 1 77.652 0 2
4 56.404 4 1 78.382 0 2
4 55.879 4 1 77.978 12 2
4 56.650 0 1 81.792 4 2
4 57.671 0 1 77.889 0 2
4 55.778 0 1 79.118 4 2
4 55.810 4 1 79.159 4 2
4 57.459 0 1 81.629 0 2
4 55.855 0 1 78.319 4 2
4 55.799 4 1 78.275 8 2
4 55.906 4 1 78.527 8 2
4 55.595 0 1 78.907 4 2
4 56.133 0 1 78.466 4 2
4 55.865 4 1 78.769 0 2
4 55.650 4 1 78.523 4 2
4 55.778 0 1 80.237 4 2
4 57.119 0 1 78.975 4 2
4 56.119 0 1 78.310 0 2
4 56.774 0 1 79.080 0 2
4 56.875 0 1 78.337 16 2
4 55.426 0 1 78.312 0 2
4 55.455 8 1 83.620 4 2
4 63.424 0 1 82.916 8 2
4 55.626 0 1 78.130 0 2
4 55.763 4 1 82.444 0 2
4 61.461 0 1 76.550 0 2
4 57.613 0 1 76.490 0 2
4 57.674 0 1 75.900 0 2
4 56.038 4 1 78.437 0 2
4 55.577 0 1 79.334 4 2
4 56.237 0 1 77.915 4 2
4 56.078 0 1 77.846 4 2
4 55.624 4 1 78.016 4 2
4 56.403 4 1 76.863 4 2
4 55.169 0 1 81.332 0 2
4 57.191 0 1 77.891 0 2
4 55.240 4 1 77.635 4 2
4 56.027 0 1 78.055 4 2
4 56.015 0 1 78.055 4 2
4 55.596 0 1 78.391 0 2
4 55.456 8 1 78.557 4 2
4 56.060 0 1 78.557 4 2
4 55.960 0 1 80.040 0 2
4 56.690 4 1 77.806 8 2
4 55.899 8 1 78.610 0 2
4 55.783 0 1 78.479 4 2
4 56.333 0 1 89.060 4 2
4 61.503 4 1 89.060 4 2
4 56.408 0 1 77.648 8 2
4 55.894 4 1 77.932 4 2
4 55.778 0 1 77.121 4 2
4 55.778 0 1 76.852 0 2
4 58.391 0 1 80.628 0 2
4 57.741 4 1 80.628 0 2
4 55.476 4 1 78.245 0 2
4 55.348 0 1 78.245 0 2
4 55.587 0 1 78.151 4 2
4 56.094 4 1 77.363 12 2
4 55.967 0 1 78.404 8 2
4 56.224 4 1 78.820 0 2
4 55.462 4 1 78.525 0 2
4 55.634 4 1 78.719 0 2
4 56.572 0 1 77.599 0 2
4 55.639 4 1 77.599 0 2
4 56.119 0 1 78.427 4 2
4 55.484 0 1 78.251 4 2
4 55.459 0 1 78.610 0 2
4 55.459 0 1 78.745 4 2
4 56.224 4 1 78.138 4 2
4 56.000 4 1 77.496 4 2
4 55.992 0 1 77.392 4 2
4 57.726 4 1 81.676 0 2
4 55.317 0 1 78.001 0 2
4 55.771 0 1 78.907 4 2
4 56.758 4 1 78.227 8 2
4 56.142 4 1 78.700 0 2
4 56.096 0 1 77.863 4 2
4 55.521 0 1 78.330 12 2
4 55.521 0 1 78.352 8 2
4 55.559 4 1 77.194 4 2
4 55.459 0 1 77.388 0 2
4 55.965 4 1 78.165 0 2
4 54.611 0 1 78.134 0 2
4 55.310 0 1 75.897 0 2
4 58.798 0 1 76.599 0 2
4 55.685 0 1 83.269 0 2
4 55.685 0 1 78.477 0 2
4 55.648 4 1 77.968 4 2
4 56.137 8 1 78.345 0 2
4 56.112 0 1 77.257 0 2
4 55.814 4 1 77.969 0 2
4 56.640 0 1 78.938 4 2
4 59.763 0 1 85.755 8 2
4 55.863 4 1 78.516 4 2
4 55.986 8 1 78.833 0 2
4 55.947 0 1 78.767 0 2
4 55.827 0 1 78.318 0 2
4 55.827 0 1 78.131 0 2
4 57.474 4 1 75.104 0 2
4 57.387 0 1 76.215 4 2
4 57.387 0 1 77.382 4 2
4 57.001 4 1 77.460 0 2
4 55.009 0 1 76.969 4 2
4 59.370 0 1 75.721 8 2
4 55.793 0 1 85.380 4 2
4 55.585 0 1 78.672 0 2
4 55.585 0 1 78.431 4 2
4 55.653 4 1 78.345 4 2
4 54.658 0 1 76.865 4 2
4 56.724 0 1 77.413 0 2
4 57.169 0 1 76.063 4 2
4 57.169 0 1 75.116 0 2
4 56.052 4 1 77.061 0 2
4 55.814 0 1 78.330 8 2
4 55.814 0 1 78.529 8 2
4 55.650 12 1 78.150 4 2
4 55.141 0 1 78.468 0 2
4 55.275 0 1 78.116 4 2
4 55.275 0 1 78.031 4 2
4 55.619 4 1 78.004 8 2
4 55.870 0 1 78.259 12 2
4 55.870 0 1 78.788 0 2
4 55.938 4 1 78.571 8 2
4 56.229 0 1 78.503 8 2
4 56.229 0 1 77.558 4 2
4 56.150 4 1 79.077 12 2
4 56.342 8 1 79.340 0 2
4 55.584 0 1 78.609 4 2
4 55.585 4 1 79.400 8 2
4 55.850 0 1 78.998 8 2
4 58.295 4 1 81.951 4 2
4 55.723 0 1 78.459 0 2
4 55.910 4 1 77.755 8 2
4 56.161 0 1 77.565 0 2
4 55.892 8 1 78.267 0 2
4 55.911 4 1 78.670 4 2
4 56.170 4 1 78.569 4 2
4 55.901 0 1 77.823 8 2
4 56.073 0 1 78.873 4 2
4 55.736 0 1 78.369 4 2
4 55.464 8 1 78.520 0 2
4 56.044 4 1 78.138 0 2
4 56.184 0 1 78.322 4 2
4 55.953 0 1 77.515 4 2
4 55.932 0 1 78.330 4 2
4 55.924 4 1 79.289 8 2
4 56.086 0 1 78.142 0 2
4 55.623 4 1 78.570 4 2
4 62.891 0 1 78.833 0 2
4 55.634 0 1 78.334 0 2
4 55.755 0 1 78.465 8 2
4 56.610 0 1 80.397 0 2
4 57.483 4 1 78.125 8 2
4 55.776 0 1 78.075 0 2
4 56.037 0 1 78.065 0 2
4 55.749 4 1 78.808 4 2
4 56.184 0 1 78.642 12 2
4 56.096 0 1 78.166 4 2
4 56.105 0 1 77.728 4 2
4 55.607 0 1 77.662 0 2
4 55.673 0 1 78.620 4 2
4 55.673 0 1 78.831 12 2
4 55.713 8 1 78.898 4 2
4 55.835 4 1 78.490 0 2
4 55.835 8 1 79.112 4 2
4 55.382 4 1 77.978 4 2
4 55.320 0 1 78.659 0 2
4 55.550 8 1 78.619 4 2
4 55.979 0 1 78.515 4 2
4 58.661 0 1 88.580 4 2
4 59.180 0 1 79.852 4 2
4 55.647 0 1 77.847 0 2
4 55.857 0 1 77.864 0 2
4 55.819 0 1 77.678 0 2
4 55.307 0 1 78.272 0 2
4 55.307 0 1 78.240 8 2
4 58.441 0 1 92.439 0 2
4 62.316 4 1 78.647 0 2
4 56.069 0 1 78.414 0 2
4 56.366 0 1 78.381 0 2
4 57.244 4 1 79.411 0 2
4 56.193 0 1 76.799 4 2
4 55.716 0 1 78.194 8 2
4 55.716 0 1 78.279 4 2
4 56.064 4 1 78.310 4 2
4 55.711 0 1 77.595 0 2
4 55.754 0 1 78.149 8 2
4 55.844 0 1 77.960 4 2
4 55.587 0 1 78.271 8 2
4 56.537 4 1 78.107 8 2
4 56.378 4 1 77.858 4 2
4 55.810 0 1 78.315 12 2
4 55.425 8 1 78.497 0 2
4 56.021 0 1 77.802 4 2
4 55.383 0 1 78.088 8 2
4 55.767 4 1 78.746 4 2
4 56.593 0 1 77.643 4 2
4 55.954 0 1 78.428 0 2
4 55.954 0 1 78.457 4 2
4 56.170 4 1 78.473 0 2
4 55.450 8 1 78.797 8 2
4 56.152 4 1 77.664 12 2
4 56.044 0 1 78.410 4 2
4 55.686 0 1 78.609 0 2
4 55.531 0 1 79.135 4 2
4 56.003 4 1 78.247 0 2
4 55.915 0 1 80.282 0 2
4 56.524 4 1 78.663 0 2
4 55.503 4 1 77.940 0 2
4 56.246 0 1 78.369 0 2
4 59.472 4 1 90.587 0 2
4 55.779 0 1 80.279 0 2
4 55.628 0 1 78.636 12 2
4 56.056 4 1 77.977 0 2
4 55.466 0 1 78.324 0 2
4 55.916 0 1 77.600 8 2
4 56.705 8 1 78.033 0 2
4 57.399 4 1 77.677 4 2
4 55.982 0 1 78.402 0 2
4 55.653 4 1 76.675 4 2
4 58.124 4 1 75.500 8 2
4 57.842 4 1 75.723 12 2
4 57.083 0 1 77.549 0 2
4 56.135 4 1 78.483 8 2
4 56.787 0 1 77.664 0 2
4 56.626 8 1 88.871 4 2
4 60.759 0 1 84.000 0 2
4 58.291 0 1 77.946 4 2
4 55.949 0 1 78.259 8 2
4 55.458 4 1 77.723 8 2
4 56.076 0 1 77.393 4 2
4 56.584 4 1 77.519 4 2
4 55.938 0 1 77.275 4 2
4 55.751 4 1 78.781 8 2
4 55.657 4 1 78.741 0 2
4 56.095 4 1 78.429 12 2
4 56.013 4 1 78.904 8 2
4 55.495 8 1 77.975 8 2
4 55.977 4 1 77.067 8 2
4 55.561 8 1 78.061 4 2
4 55.655 0 1 78.381 0 2
4 55.878 0 1 77.570 4 2
4 56.356 0 1 79.848 4 2
4 56.296 4 1 78.573 4 2
4 55.768 4 1 78.573 4 2
4 55.878 0 1 78.621 8 2
4 55.958 0 1 78.303 0 2
4 56.612 0 1 78.266 0 2
4 55.357 0 1 78.266 0 2
4 55.783 0 1 78.544 4 2
4 56.201 0 1 77.687 4 2
4 55.894 0 1 78.784 4 2
4 55.820 0 1 78.052 4 2
4 55.304 8 1 76.775 12 2
4 58.175 4 1 83.382 0 2
4 56.059 0 1 78.758 0 2
4 56.158 4 1 77.726 4 2
4 55.976 4 1 78.864 0 2
4 56.121 0 1 77.847 4 2
4 55.781 0 1 78.140 4 2
4 55.449 4 1 78.448 4 2
4 55.888 0 1 78.174 4 2
4 67.534 0 1 89.782 0 2
4 55.984 4 1 81.204 0 2
4 55.665 4 1 78.641 0 2
4 56.608 0 1 78.363 4 2
4 55.664 0 1 78.178 4 2
4 55.641 4 1 78.634 4 2
4 55.533 0 1 78.644 8 2
4 55.933 0 1 77.327 8 2
4 55.583 4 1 78.571 0 2
4 57.908 0 1 75.063 8 2
4 56.850 4 1 76.805 8 2
4 55.650 0 1 78.024 0 2
4 55.422 4 1 78.271 0 2
4 57.023 0 1 75.583 0 2
4 56.291 0 1 75.401 0 2
4 58.769 4 1 83.932 0 2
4 59.576 0 1 84.132 4 2
4 55.833 0 1 77.548 4 2
4 57.846 4 1 84.773 8 2
4 59.193 4 1 81.738 4 2
4 55.673 0 1 77.174 12 2
4 55.485 4 1 77.744 0 2
4 55.755 0 1 77.908 0 2
4 56.137 0 1 77.652 4 2
4 55.555 0 1 78.146 0 2
4 55.044 0 1 77.684 4 2
4 56.655 0 1 78.196 4 2
4 57.620 0 1 83.962 0 2
4 55.776 0 1 77.564 4 2
4 55.776 0 1 78.546 4 2
4 55.869 8 1 78.013 4 2
4 55.767 0 1 78.199 4 2
4 56.988 0 1 78.607 0 2
4 55.855 0 1 80.372 8 2
4 55.650 0 1 78.165 0 2
4 55.564 0 1 78.243 4 2
4 55.896 0 1 77.958 4 2
4 55.896 0 1 78.389 4 2
4 55.822 4 1 78.630 4 2
4 56.285 0 1 78.793 4 2
4 56.371 4 1 76.689 4 2
4 56.298 4 1 86.152 4 2
4 63.974 0 1 78.595 0 2
4 60.443 0 1 86.312 4 2
4 55.943 0 1 78.504 8 2
4 55.541 0 1 77.954 0 2
4 55.541 0 1 78.676 0 2
4 55.563 4 1 77.717 0 2
4 55.952 0 1 79.083 0 2
4 59.100 4 1 82.710 4 2
4 56.075 20 1 79.061 8 2
4 55.577 0 1 78.837 8 2
4 56.657 4 1 78.020 4 2
4 55.827 4 1 78.248 4 2
4 57.650 4 1 80.292 4 2
4 55.595 8 1 78.480 0 2
4 55.547 8 1 78.091 0 2
4 56.072 4 1 78.967 0 2
4 55.763 4 1 79.682 4 2
4 56.936 4 1 78.107 8 2
4 55.663 0 1 77.118 8 2
4 55.667 8 1 78.391 0 2
4 56.242 0 1 78.298 0 2
4 55.699 8 1 78.196 0 2
4 56.085 4 1 77.723 8 2
4 55.874 0 1 78.426 12 2
4 55.671 0 1 77.791 0 2
4 56.694 0 1 78.808 8 2
4 55.967 0 1 78.233 0 2
4 56.349 4 1 78.787 12 2
4 55.640 0 1 77.806 0 2
4 59.020 8 1 84.774 12 2
4 56.558 4 1 78.064 0 2
4 55.727 4 1 78.376 8 2
4 55.609 4 1 78.575 4 2
4 55.693 0 1 78.579 4 2
4 57.361 0 1 84.004 0 2
4 57.534 0 1 77.921 0 2
4 55.639 4 1 78.360 4 2
4 56.423 0 1 78.108 4 2
4 55.681 0 1 77.444 0 2
4 57.500 4 1 75.043 4 2
4 57.524 8 1 75.807 8 2
4 56.949 0 1 80.486 0 2
4 55.715 4 1 78.321 4 2
4 56.524 4 1 81.008 8 2
4 58.328 0 1 80.424 4 2
4 55.571 0 1 78.513 4 2
4 55.788 0 1 79.262 4 2
4 58.755 0 1 82.509 4 2
4 56.106 0 1 78.641 8 2
4 56.024 4 1 76.838 4 2
4 55.753 4 1 79.822 8 2
4 56.543 4 1 78.549 8 2
4 55.849 4 1 77.269 0 2
4 55.959 0 1 78.651 4 2
4 55.874 0 1 80.645 0 2
4 57.341 0 1 78.907 16 2
4 55.425 0 1 78.378 4 2
4 55.906 0 1 78.788 4 2
4 55.921 4 1 79.219 8 2
4 55.718 4 1 78.289 4 2
4 55.746 0 1 78.791 0 2
4 55.489 0 1 81.980 4 2
4 58.568 0 1 88.046 4 2
4 59.142 4 1 78.890 0 2
4 55.740 12 1 77.397 0 2
4 55.554 4 1 79.215 12 2
4 56.397 0 1 89.313 4 2
4 59.889 0 1 78.277 4 2
4 55.556 4 1 78.536 8 2
4 56.192 4 1 78.608 8 2
4 56.599 0 1 78.666 8 2
4 55.835 0 1 78.666 8 2
4 56.137 4 1 78.898 4 2
4 55.447 4 1 77.872 4 2
4 55.808 0 1 78.083 4 2
4 56.005 0 1 77.042 0 2
4 57.021 0 1 74.766 4 2
4 58.254 0 1 76.254 0 2
4 57.782 4 1 82.416 4 2
4 55.568 0 1 78.498 0 2
4 55.649 0 1 78.075 0 2
4 55.662 4 1 78.550 12 2
4 56.285 0 1 79.494 8 2
4 55.833 0 1 77.898 4 2
4 56.034 8 1 78.148 8 2
4 55.962 4 1 77.832 8 2
4 55.924 0 1 78.364 4 2
4 55.796 0 1 77.683 8 2
4 55.509 0 1 78.080 4 2
4 55.509 0 1 78.254 0 2
4 56.111 4 1 78.381 12 2
4 59.230 0 1 78.286 4 2
4 55.757 0 1 83.902 4 2
4 55.885 0 1 78.408 4 2
4 55.570 0 1 78.487 4 2
4 55.834 0 1 78.327 0 2
4 55.834 0 1 76.826 8 2
4 56.459 8 1 79.096 0 2
4 55.854 0 1 81.388 0 2
4 55.941 0 1 81.928 0 2
4 56.682 0 1 79.474 4 2
4 55.563 0 1 81.726 8 2
4 56.066 0 1 78.700 8 2
4 55.695 0 1 78.581 12 2
4 56.861 0 1 78.344 0 2
4 55.754 0 1 78.126 0 2
4 55.608 0 1 77.835 8 2
4 55.608 0 1 81.135 4 2
4 55.857 0 1 77.447 12 2
4 56.372 0 1 78.174 4 2
4 56.372 0 1 77.987 4 2
4 55.517 0 1 83.534 4 2
4 55.517 0 1 78.191 4 2
4 55.655 4 1 89.533 0 2
4 67.009 4 1 77.930 4 2
4 55.517 0 1 78.152 0 2
4 56.152 4 1 78.844 0 2
4 56.261 0 1 78.096 8 2
4 55.551 4 1 78.320 0 2
4 55.719 0 1 78.506 8 2
4 55.985 0 1 78.592 0 2
4 57.268 8 1 82.488 4 2
4 55.917 4 1 78.303 0 2
4 55.614 0 1 78.505 4 2
4 55.698 0 1 78.353 12 2
4 55.713 4 1 78.210 0 2
4 56.431 0 1 79.799 4 2
4 55.824 0 1 77.137 4 2
4 56.121 0 1 78.965 4 2
4 55.566 0 1 78.189 4 2
4 56.145 4 1 78.442 4 2
4 55.603 0 1 78.510 0 2
4 57.824 4 1 86.709 4 2
4 58.270 0 1 78.012 0 2
4 56.156 4 1 78.860 8 2
4 56.204 0 1 78.705 8 2
4 57.570 0 1 84.092 0 2
4 57.330 0 1 77.809 0 2
4 55.647 0 1 78.349 4 2
4 55.549 4 1 78.378 4 2
4 55.667 4 1 79.115 4 2
4 55.749 8 1 78.259 4 2
4 55.615 4 1 78.967 4 2
4 56.284 4 1 77.963 4 2
4 55.621 0 1 77.674 8 2
4 56.565 4 1 78.278 8 2
4 56.854 8 1 78.950 12 2
4 56.246 0 1 77.951 8 2
4 55.717 0 1 78.524 4 2
4 55.501 0 1 77.095 4 2
4 55.650 0 1 77.940 0 2
4 56.350 0 1 78.339 0 2
4 55.725 0 1 77.287 12 2
4 56.265 0 1 77.141 8 2
4 64.035 0 1 78.529 0 2
4 55.671 4 1 78.894 0 2
4 55.844 8 1 78.704 4 2
4 55.552 0 1 78.774 4 2
4 55.584 0 1 77.939 4 2
4 56.039 0 1 77.665 8 2
4 56.270 8 1 78.242 0 2
4 55.478 0 1 74.548 0 2
4 54.035 4 1 73.192 4 2
4 54.289 0 1 73.917 0 2
4 55.256 0 1 74.162 0 2
4 55.926 0 1 77.411 8 2
4 55.926 0 1 77.052 0 2
4 56.406 4 1 75.570 0 2
4 54.327 4 1 76.048 0 2
4 57.203 4 1 83.667 0 2
4 55.547 0 1 78.161 4 2
4 55.684 0 1 78.427 4 2
4 55.879 0 1 77.633 4 2
4 55.629 0 1 77.544 4 2
4 55.629 0 1 77.874 4 2
4 55.325 0 1 77.971 4 2
4 55.325 0 1 76.489 0 2
4 56.259 4 1 75.963 0 2
4 56.124 16 1 77.038 0 2
4 56.426 4 1 77.285 4 2
4 56.635 0 1 76.631 8 2
4 56.547 0 1 75.903 4 2
4 55.678 0 1 77.608 8 2
4 55.678 0 1 77.766 4 2
4 55.382 0 1 78.094 4 2
4 55.751 0 1 76.652 0 2
4 57.111 0 1 75.298 4 2
4 56.069 0 1 76.986 4 2
4 56.069 0 1 80.570 0 2
4 56.010 4 1 78.611 0 2
4 55.740 4 1 78.356 4 2
4 55.303 0 1 78.229 0 2
4 55.658 0 1 78.485 0 2
4 56.094 4 1 77.748 0 2
4 55.791 0 1 78.129 0 2
4 55.835 0 1 77.874 12 2
4 55.409 4 1 78.132 8 2
4 55.079 0 1 76.666 8 2
4 55.297 0 1 77.787 0 2
4 55.297 0 1 78.143 4 2
4 55.604 4 1 78.486 4 2
4 56.125 8 1 77.518 0 2
4 55.496 0 1 78.253 0 2
4 55.776 0 1 78.177 4 2
4 56.643 4 1 78.959 0 2
4 56.388 0 1 77.883 0 2
4 55.495 4 1 76.687 8 2
4 54.784 0 1 76.611 0 2
4 54.784 0 1 80.958 0 2
4 58.062 4 1 78.053 8 2
4 55.802 4 1 78.471 4 2
4 55.388 0 1 78.368 0 2
4 55.503 4 1 78.742 4 2
4 55.836 0 1 78.605 4 2
4 56.316 4 1 77.924 8 2
4 55.386 0 1 78.040 4 2
4 56.412 4 1 77.870 0 2
4 56.386 0 1 78.347 4 2
4 55.700 8 1 77.477 4 2
4 55.312 0 1 78.167 0 2
4 55.312 0 1 78.470 12 2
4 55.431 4 1 77.475 12 2
4 54.986 4 1 77.412 8 2
4 56.129 4 1 77.520 12 2
4 56.566 0 1 78.612 4 2
4 55.673 0 1 75.673 4 2
4 56.046 4 1 74.894 0 2
4 56.150 0 1 76.566 4 2
4 55.864 8 1 78.799 8 2
4 55.585 0 1 78.390 12 2
4 55.340 4 1 78.390 12 2
4 55.609 0 1 77.645 16 2
4 55.302 4 1 76.328 12 2
4 55.136 0 1 76.126 8 2
4 57.256 4 1 76.099 0 2
4 56.557 0 1 76.632 0 2
4 55.607 0 1 77.323 4 2
4 57.055 0 1 77.179 4 2
4 55.767 0 1 79.436 4 2
4 55.569 0 1 78.955 8 2
4 55.762 0 1 78.398 4 2
4 55.762 0 1 77.693 12 2
4 55.715 0 1 79.479 16 2
4 55.715 0 1 78.301 0 2
4 55.622 4 1 78.345 0 2
4 55.345 4 1 77.762 12 2
4 56.133 4 1 78.106 4 2
4 55.596 0 1 77.176 0 2
4 56.160 4 1 78.174 4 2
4 55.602 0 1 78.071 8 2
4 55.655 0 1 77.735 0 2
4 56.378 0 1 79.001 4 2
4 57.110 0 1 81.415 4 2
4 57.110 0 1 85.004 4 2
4 55.711 4 1 78.492 12 2
4 55.588 4 1 78.211 0 2
4 55.866 0 1 77.972 4 2
4 55.493 0 1 78.838 16 2
4 55.287 0 1 78.439 4 2
4 55.976 0 1 78.072 4 2
4 55.976 0 1 78.187 0 2
4 55.420 4 1 78.601 12 2
4 56.193 0 1 79.974 12 2
4 55.953 0 1 77.407 0 2
4 55.648 0 1 78.401 0 2
4 55.892 0 1 78.288 8 2
4 55.139 0 1 78.188 8 2
4 55.139 0 1 78.604 0 2
4 55.007 4 1 78.516 0 2
4 55.557 4 1 78.166 0 2
4 55.651 8 1 77.984 0 2
4 56.052 4 1 78.429 0 2
4 56.109 0 1 76.685 0 2
4 57.036 0 1 79.115 0 2
4 55.554 0 1 78.170 0 2
4 55.501 0 1 78.142 4 2
4 55.722 0 1 78.104 4 2
4 55.263 0 1 78.037 12 2
4 55.263 0 1 75.862 0 2
4 56.311 4 1 75.869 0 2
4 60.239 4 1 89.840 4 2
4 56.179 0 1 78.730 8 2
4 55.848 4 1 77.773 0 2
4 57.280 0 1 75.872 0 2
4 55.664 8 1 75.838 4 2
4 59.253 4 1 85.683 8 2
4 56.399 12 1 77.749 4 2
4 55.353 0 1 77.367 0 2
4 55.521 0 1 76.810 4 2
4 61.497 0 1 76.968 0 2
4 56.312 0 1 86.889 0 2
4 56.312 0 1 77.991 0 2
4 55.755 4 1 78.017 0 2
4 55.653 4 1 78.481 0 2
4 56.005 0 1 77.186 4 2
4 55.662 0 1 77.311 0 2
4 56.868 8 1 76.000 4 2
4 57.592 4 1 74.914 4 2
4 55.468 12 1 78.471 12 2
4 55.572 0 1 78.699 8 2
4 55.173 0 1 77.420 4 2
4 54.960 0 1 77.434 4 2
4 55.302 4 1 77.701 4 2
4 55.330 4 1 76.410 0 2
4 55.765 8 1 76.855 4 2
4 55.372 0 1 77.884 0 2
4 55.365 0 1 78.050 4 2
4 55.312 4 1 77.422 4 2
4 55.467 0 1 77.355 0 2
4 54.993 0 1 77.384 4 2
4 55.489 0 1 77.246 4 2
4 58.683 0 1 81.888 4 2
4 55.456 0 1 78.059 4 2
4 55.456 0 1 76.842 8 2
4 55.646 4 1 78.427 0 2
4 55.423 4 1 76.081 8 2
4 56.599 8 1 75.420 0 2
4 56.534 0 1 75.465 4 2
4 56.104 0 1 77.796 0 2
4 56.142 4 1 77.642 8 2
4 56.013 8 1 78.445 0 2
4 55.679 0 1 78.735 4 2
4 55.869 0 1 78.269 0 2
4 55.249 4 1 76.988 0 2
4 55.814 4 1 76.161 12 2
4 55.293 0 1 75.913 8 2
4 56.679 0 1 77.019 8 2
4 55.404 8 1 78.357 4 2
4 55.542 0 1 78.225 4 2
4 55.413 12 1 77.957 4 2
4 55.239 4 1 76.378 12 2
4 56.447 0 1 75.012 12 2
4 56.450 8 1 75.522 4 2
4 55.815 0 1 78.312 12 2
4 55.216 0 1 77.557 0 2
4 55.216 0 1 77.211 0 2
4 59.141 4 1 86.453 0 2
4 54.912 0 1 77.675 0 2
4 54.912 0 1 75.428 4 2
4 56.057 4 1 76.309 8 2
4 55.310 4 1 78.164 4 2
4 55.326 0 1 76.453 8 2
4 55.951 4 1 76.926 4 2
4 55.912 0 1 76.894 0 2
4 55.170 4 1 77.147 0 2
4 58.909 4 1 85.145 4 2
4 56.094 0 1 77.666 8 2
4 55.619 0 1 77.819 4 2
4 55.361 4 1 77.376 12 2
4 55.434 0 1 78.216 0 2
4 55.371 4 1 79.090 8 2
4 55.248 0 1 78.442 8 2
4 54.634 4 1 76.797 16 2
4 54.756 4 1 76.824 4 2
4 57.938 4 1 75.095 0 2
4 57.159 0 1 76.527 4 2
4 56.040 4 1 77.213 0 2
4 57.086 4 1 75.103 0 2
4 56.885 4 1 75.080 0 2
4 57.107 0 1 77.432 4 2
4 55.712 0 1 76.932 4 2
4 56.618 0 1 76.837 4 2
4 55.625 0 1 76.257 0 2
4 55.625 0 1 79.066 0 2
4 55.987 4 1 78.235 4 2
4 55.341 0 1 78.373 0 2
4 55.854 0 1 78.046 4 2
4 55.654 4 1 77.438 8 2
4 58.083 0 1 82.173 4 2
4 56.429 0 1 78.056 4 2
4 56.429 0 1 77.221 0 2
4 56.981 8 1 76.109 4 2
4 55.881 0 1 78.490 4 2
4 55.905 0 1 77.501 0 2
4 55.905 0 1 78.589 0 2
4 55.633 4 1 79.940 0 2
4 60.048 8 1 91.808 0 2
4 60.897 0 1 77.935 4 2
4 60.786 0 1 77.887 4 2
4 60.786 0 1 78.126 0 2
4 55.718 4 1 78.352 0 2
4 55.375 4 1 78.121 0 2
4 55.608 0 1 78.143 0 2
4 55.820 0 1 78.474 0 2
4 56.854 4 1 84.397 8 2
4 57.551 8 1 78.648 0 2
4 55.409 4 1 78.038 0 2
4 55.254 0 1 79.850 0 2
4 57.379 0 1 77.999 4 2
4 55.743 4 1 78.457 4 2
4 55.483 0 1 78.489 4 2
4 55.480 0 1 78.236 4 2
4 55.480 0 1 77.599 8 2
4 55.586 4 1 77.818 0 2
4 55.683 0 1 78.556 0 2
4 55.632 4 1 77.529 0 2
4 56.131 0 1 77.717 12 2
4 55.163 4 1 78.010 12 2
4 55.791 0 1 82.649 0 2
4 58.701 4 1 78.500 16 2
4 56.202 0 1 78.099 4 2
4 55.351 0 1 78.318 0 2
4 56.172 0 1 77.769 12 2
4 55.584 0 1 78.389 0 2
4 55.584 0 1 78.058 0 2
4 56.156 4 1 77.620 4 2
4 55.593 4 1 78.092 8 2
4 55.930 0 1 80.756 0 2
4 55.928 4 1 77.662 12 2
4 55.670 0 1 77.547 4 2
4 55.671 0 1 78.086 8 2
4 60.280 0 1 81.883 0 2
4 60.280 0 1 95.106 0 2
4 56.761 0 1 81.073 0 2
4 55.907 0 1 78.417 4 2
4 55.726 0 1 78.407 12 2
4 55.726 0 1 78.217 12 2
4 56.032 4 1 76.057 0 2
4 56.156 0 1 77.115 4 2
4 55.604 8 1 78.079 12 2
4 55.131 0 1 77.595 4 2
4 56.421 4 1 76.895 8 2
4 54.920 0 1 76.696 4 2
4 56.360 8 1 76.630 12 2
4 57.173 4 1 77.102 4 2
4 56.426 0 1 76.722 0 2
4 56.426 0 1 77.277 0 2
4 55.818 0 1 77.911 4 2
4 56.748 4 1 81.568 4 2
4 56.888 8 1 78.133 4 2
4 57.336 8 1 77.014 4 2
4 56.492 0 1 76.329 16 2
4 56.362 0 1 74.930 8 2
4 57.123 0 1 76.397 8 2
4 56.753 0 1 78.433 0 2
4 55.211 0 1 77.537 0 2
4 55.940 0 1 76.773 0 2
4 55.940 0 1 77.225 8 2
4 54.561 4 1 77.724 0 2
4 55.016 0 1 77.870 0 2
4 55.630 0 1 77.932 4 2
4 55.911 0 1 77.680 4 2
4 55.904 0 1 78.100 0 2
4 55.794 0 1 77.388 4 2
4 56.364 0 1 78.698 8 2
4 56.364 0 1 81.398 12 2
4 55.564 0 1 78.837 8 2
4 55.276 0 1 78.424 4 2
4 55.276 0 1 84.965 0 2
4 56.702 0 1 80.932 0 2
4 56.702 0 1 78.345 8 2
4 55.586 4 1 78.345 8 2
4 55.777 0 1 78.174 8 2
4 55.793 0 1 78.267 12 2
4 55.962 0 1 78.032 4 2
4 55.962 0 1 78.606 4 2
4 55.667 0 1 78.036 0 2
4 55.573 0 1 77.942 4 2
4 55.573 0 1 76.989 0 2
4 55.843 4 1 78.406 4 2
4 56.181 0 1 77.400 4 2
4 55.761 0 1 77.404 4 2
4 56.403 4 1 77.612 4 2
4 56.867 0 1 76.607 0 2
4 56.867 0 1 75.454 8 2
4 55.473 4 1 77.282 12 2
4 55.811 0 1 78.039 4 2
4 55.904 4 1 78.219 8 2
4 55.817 0 1 78.095 0 2
4 55.674 0 1 78.523 0 2
4 55.674 0 1 77.015 0 2
4 55.480 4 1 76.936 0 2
4 55.546 4 1 77.566 4 2
4 55.267 4 1 78.260 4 2
4 56.469 4 1 81.472 0 2
4 56.906 4 1 79.167 4 2
4 55.164 0 1 78.323 0 2
4 55.145 4 1 77.104 0 2
4 55.314 0 1 78.060 4 2
4 55.277 0 1 78.031 0 2
4 56.002 4 1 77.404 4 2
4 55.634 4 1 77.668 4 2
4 55.447 0 1 77.296 4 2
4 55.594 4 1 77.862 0 2
4 54.907 4 1 78.509 0 2
4 55.641 0 1 77.488 4 2
4 55.660 0 1 77.634 4 2
4 55.414 4 1 78.265 0 2
4 54.624 0 1 77.615 4 2
4 54.665 0 1 77.485 4 2
4 54.432 0 1 76.459 4 2
4 55.196 8 1 78.072 0 2
4 55.591 4 1 76.406 8 2
4 55.436 0 1 77.933 8 2
4 54.849 0 1 78.544 0 2
4 54.841 8 1 77.899 8 2
4 55.077 4 1 78.163 12 2
4 55.719 0 1 78.671 4 2
4 55.217 0 1 77.616 4 2
4 55.652 0 1 77.502 0 2
4 55.533 0 1 78.195 0 2
4 55.533 0 1 77.105 0 2
4 55.577 4 1 78.115 4 2
4 56.835 0 1 82.417 4 2
4 58.557 8 1 81.326 0 2
4 55.392 0 1 76.684 0 2
4 55.586 4 1 76.620 0 2
4 55.232 0 1 78.315 12 2
4 56.200 8 1 77.547 4 2
4 55.609 0 1 77.365 0 2
4 55.607 0 1 76.994 8 2
4 59.515 0 1 86.048 4 2
4 55.299 4 1 78.235 4 2
4 55.423 0 1 78.464 0 2
4 56.711 0 1 78.271 0 2
4 55.515 4 1 78.606 12 2
4 56.098 4 1 77.883 4 2
4 54.952 0 1 77.720 0 2
4 55.050 4 1 76.631 8 2
4 55.110 0 1 78.719 4 2
4 60.764 4 1 89.156 0 2
4 55.328 0 1 77.867 4 2
4 55.328 0 1 76.806 16 2
4 55.682 4 1 78.118 12 2
4 56.426 4 1 78.706 0 2
4 55.483 4 1 78.197 0 2
4 55.656 4 1 77.625 12 2
4 55.855 0 1 78.679 0 2
4 55.574 0 1 77.429 4 2
4 55.411 0 1 77.591 4 2
4 55.737 0 1 77.612 0 2
4 55.175 4 1 76.263 4 2
4 55.030 0 1 76.495 4 2
4 55.762 4 1 74.982 0 2
4 55.138 0 1 74.971 4 2
4 58.433 0 1 86.944 4 2
4 55.409 0 1 76.348 4 2
4 55.409 0 1 78.567 0 2
4 55.543 4 1 77.561 0 2
4 55.482 4 1 77.970 0 2
4 55.359 0 1 76.837 4 2
4 58.471 0 1 79.274 8 2
4 56.011 0 1 82.048 12 2
4 56.011 0 1 77.177 0 2
4 54.532 4 1 77.781 8 2
4 54.977 0 1 79.186 4 2
4 61.870 8 1 82.559 8 2
4 59.338 8 1 78.590 0 2
4 55.398 4 1 77.938 8 2
4 55.211 4 1 76.451 0 2
4 55.047 4 1 77.687 0 2
4 55.688 0 1 77.092 0 2
4 55.366 4 1 74.352 0 2
4 56.088 0 1 74.129 8 2
4 59.073 0 1 78.301 0 2
4 55.577 0 1 78.308 8 2
4 55.407 4 1 77.802 0 2
4 56.895 0 1 75.136 8 2
4 57.397 4 1 80.133 0 2
4 55.922 4 1 77.716 4 2
4 55.522 0 1 77.055 4 2
4 54.457 0 1 75.735 0 2
4 55.408 4 1 74.718 4 2
4 55.823 0 1 74.815 4 2
4 55.540 4 1 75.649 0 2
4 56.114 12 1 78.295 4 2
4 56.315 12 1 77.665 0 2
4 56.451 0 1 74.938 4 2
4 57.069 4 1 74.612 0 2
4 55.861 4 1 79.793 12 2
4 56.111 0 1