55.741 0 1  2
55.741 0 1 76.521 8 2
52.794 0 1 73.785 8 2
52.794 0 1 73.015 4 2
52.417 4 1 73.874 12 2
63.863 4 1 90.564 8 2
63.906 0 1 90.263 4 2
62.285 4 1 90.534 0 2
61.034 0 1 86.184 8 2
56.846 0 1 81.094 4 2
59.790 4 1 87.176 8 2
64.672 12 1 93.992 12 2
65.734 4 1 100.479 4 2
63.265 0 1 90.558 8 2
57.418 0 1 76.816 0 2
53.054 4 1 73.309 0 2
52.587 0 1 73.171 4 2
52.393 0 1 73.151 4 2
52.609 4 1 72.883 4 2
55.133 8 1 74.732 4 2
53.876 0 1 75.701 8 2
53.030 0 1 73.759 0 2
52.744 0 1 72.924 4 2
52.395 0 1 74.271 8 2
52.395 0 1 73.425 8 2
53.415 4 1 73.210 0 2
52.899 0 1 72.908 0 2
54.383 0 1 73.367 4 2
52.818 0 1 72.638 4 2
52.743 0 1 72.841 12 2
52.743 0 1 75.567 0 2
58.522 4 1 80.804 0 2
53.506 0 1 74.437 0 2
52.423 0 1 72.729 0 2
52.162 0 1 72.761 0 2
52.162 0 1 72.366 8 2
52.336 4 1 72.770 0 2
53.677 4 1 74.195 0 2
53.354 4 1 73.389 4 2
53.100 8 1 72.451 0 2
52.785 0 1 72.333 4 2
52.689 4 1 72.742 0 2
52.926 0 1 72.842 8 2
52.573 0 1 72.503 12 2
52.573 0 1 73.206 0 2
52.598 0 1 73.339 0 2
52.398 0 1 73.185 8 2
53.029 4 1 72.991 8 2
52.352 8 1 72.441 4 2
52.483 4 1 73.240 0 2
53.345 8 1 72.870 4 2
52.900 0 1 73.183 0 2
53.641 0 1 84.838 0 2
52.912 0 1 74.239 0 2
52.912 0 1 72.323 0 2
53.158 0 1 72.323 0 2
58.051 0 1 72.854 4 2
58.051 0 1 83.344 4 2
63.801 4 1 94.630 4 2
62.303 0 1 92.363 4 2
63.972 0 1 94.763 0 2
63.047 4 1 91.178 0 2
52.775 0 1 73.695 0 2
53.289 4 1 73.652 4 2
53.983 4 1 73.765 4 2
53.025 4 1 74.794 4 2
52.741 4 1 73.347 4 2
52.662 4 1 73.857 0 2
52.641 0 1 73.877 4 2
52.112 0 1 72.644 0 2
51.879 0 1 73.563 4 2
52.969 0 1 73.742 0 2
53.704 0 1 75.453 8 2
52.606 0 1 74.942 8 2
52.606 0 1 73.077 4 2
52.721 4 1 73.210 8 2
52.677 4 1 72.861 0 2
52.980 4 1 74.849 0 2
52.533 0 1 73.990 4 2
53.291 0 1 73.069 0 2
53.291 0 1 73.055 8 2
52.435 4 1 72.888 0 2
53.170 4 1 72.888 0 2
51.997 8 1 72.386 4 2
52.574 0 1 72.757 4 2
52.621 0 1 73.064 12 2
52.621 0 1 73.244 4 2
52.530 4 1 72.703 4 2
52.410 0 1 72.759 8 2
53.848 0 1 71.618 4 2
53.880 0 1 75.725 0 2
52.923 0 1 73.885 8 2
52.923 0 1 72.324 4 2
53.269 4 1 72.174 4 2
52.576 0 1 72.393 4 2
52.576 0 1 72.735 4 2
52.258 4 1 72.699 4 2
64.059 8 1 94.823 0 2
56.863 4 1 74.485 0 2
53.113 0 1 74.284 0 2
52.922 0 1 72.982 0 2
55.640 0 1 72.991 4 2
53.587 0 1 75.968 8 2
53.587 0 1 74.122 0 2
52.927 0 1 74.018 4 2
53.266 0 1 73.452 4 2
52.755 0 1 73.972 4 2
52.755 0 1 73.634 8 2
52.562 0 1 73.207 0 2
52.512 0 1 73.132 0 2
52.327 0 1 72.687 8 2
52.327 0 1 72.921 0 2
53.326 0 1 74.061 4 2
53.326 0 1 73.376 12 2
52.734 0 1 73.382 0 2
52.734 0 1 73.269 8 2
52.855 8 1 72.647 4 2
52.482 0 1 73.167 4 2
55.230 0 1 72.098 8 2
55.230 0 1 77.120 0 2
53.210 8 1 72.922 4 2
52.898 4 1 73.145 0 2
53.170 0 1 73.460 4 2
53.501 0 1 72.767 8 2
53.501 0 1 72.559 4 2
52.344 0 1 72.110 0 2
52.344 0 1 72.938 4 2
52.732 8 1 72.686 0 2
52.426 4 1 72.973 4 2
52.620 4 1 72.820 4 2
52.542 4 1 72.126 4 2
52.886 0 1 72.022 4 2
52.886 0 1 72.919 8 2
53.104 4 1 73.505 8 2
53.354 8 1 73.070 0 2
53.069 4 1 74.943 4 2
53.318 4 1 73.059 8 2
53.664 0 1 72.480 0 2
53.737 0 1 74.298 0 2
53.737 0 1 74.021 4 2
53.845 0 1 73.970 4 2
53.845 0 1 73.382 8 2
53.297 4 1 73.402 4 2
53.705 4 1 73.410 4 2
52.786 0 1 73.991 4 2
52.036 4 1 72.608 0 2
51.826 4 1 72.535 8 2
53.129 0 1 82.849 4 2
53.129 0 1 74.803 0 2
52.027 4 1 73.422 4 2
52.520 4 1 73.391 0 2
59.597 0 1 85.666 8 2
52.502 0 1 75.052 4 2
52.502 0 1 72.729 8 2
52.390 0 1 74.323 0 2
52.390 0 1 72.904 0 2
52.670 0 1 73.355 0 2
52.564 0 1 73.669 12 2
52.297 0 1 73.033 12 2
52.297 0 1 72.797 8 2
52.246 0 1 72.857 4 2
52.346 0 1 72.024 0 2
52.346 0 1 72.024 0 2
52.313 8 1 72.585 4 2
54.564 4 1 75.183 4 2
54.834 0 1 75.680 4 2
54.834 0 1 75.866 4 2
54.748 4 1 75.233 0 2
55.363 0 1 80.259 4 2
54.966 0 1 75.726 0 2
55.587 0 1 74.839 8 2
55.587 0 1 75.596 0 2
55.315 4 1 74.757 8 2
55.691 0 1 76.739 4 2
55.691 0 1 75.558 4 2
67.514 0 1 76.281 0 2
58.556 8 1 80.819 0 2
62.881 4 1 85.292 8 2
55.063 0 1 77.247 0 2
55.063 0 1 75.210 4 2
54.452 0 1 74.772 0 2
54.452 0 1 76.475 12 2
65.162 0 1 95.340 0 2
57.914 4 1 79.584 4 2
55.083 0 1 76.322 0 2
55.083 0 1 75.390 0 2
55.309 4 1 75.184 4 2
55.836 0 1 75.578 8 2
54.772 0 1 75.159 0 2
60.557 0 1 75.417 0 2
57.307 0 1 83.193 4 2
57.307 0 1 79.970 0 2
55.334 0 1 75.095 4 2
55.334 0 1 74.659 0 2
55.006 0 1 76.055 4 2
55.008 0 1 74.481 12 2
54.786 0 1 74.869 4 2
54.786 0 1 75.498 4 2
55.036 4 1 75.021 4 2
54.789 4 1 74.672 8 2
59.225 8 1 82.527 8 2
63.110 0 1 87.614 0 2
54.572 0 1 75.478 0 2
54.708 0 1 75.562 0 2
55.042 0 1 74.809 4 2
54.698 0 1 74.805 0 2
54.856 0 1 75.600 8 2
54.856 0 1 75.502 0 2
55.016 0 1 75.869 8 2
55.008 0 1 74.774 8 2
54.866 0 1 74.628 4 2
54.044 0 1 75.425 0 2
54.044 0 1 75.017 0 2
55.657 4 1 75.586 0 2
56.282 0 1 77.563 4 2
56.884 0 1 78.092 0 2
55.866 0 1 78.920 0 2
55.866 0 1 78.821 8 2
56.295 4 1 78.896 4 2
58.566 0 1 82.963 0 2
57.468 0 1 90.283 4 2
56.599 0 1 78.558 8 2
56.301 0 1 78.820 0 2
56.301 0 1 79.884 4 2
59.826 12 1 85.375 0 2
55.982 0 1 78.883 4 2
57.105 8 1 78.641 0 2
57.442 8 1 78.633 4 2
55.960 0 1 78.802 4 2
56.224 0 1 79.370 0 2
56.634 8 1 78.777 8 2
56.237 8 1 78.876 4 2
56.039 0 1 79.563 16 2
56.127 8 1 78.995 0 2
57.106 0 1 79.273 4 2
56.815 0 1 79.333 0 2
59.944 4 1 87.921 0 2
64.484 0 1 94.791 4 2
59.992 0 1 85.978 0 2
58.749 0 1 78.760 4 2
58.749 0 1 75.997 4 2
57.036 0 1 76.303 0 2
56.315 0 1 77.193 4 2
56.315 0 1 79.487 8 2
56.264 0 1 79.277 16 2
56.272 4 1 79.289 0 2
59.103 4 1 86.046 8 2
63.513 4 1 93.635 8 2
63.505 0 1 94.474 0 2
58.435 0 1 80.546 0 2
55.897 4 1 79.455 8 2
56.239 0 1 78.065 0 2
56.475 4 1 78.859 0 2
56.369 4 1 78.999 0 2
56.060 0 1 78.999 0 2
56.399 0 1 78.828 0 2
56.247 0 1 79.132 0 2
55.648 0 1 78.953 8 2
58.539 0 1 78.169 8 2
58.551 0 1 77.614 0 2
58.551 0 1 77.193 8 2
57.804 4 1 82.405 4 2
56.435 4 1 79.502 4 2
56.297 0 1 78.803 4 2
61.412 0 1 91.655 0 2
58.649 12 1 79.180 12 2
56.138 0 1 79.340 4 2
56.114 0 1 78.680 0 2
61.465 4 1 91.689 4 2
64.752 0 1 94.343 0 2
56.520 0 1 89.584 0 2
56.520 0 1 79.175 20 2
56.507 12 1 79.259 4 2
56.132 8 1 78.917 4 2
56.100 0 1 79.262 4 2
56.789 4 1 79.332 8 2
56.455 0 1 78.967 4 2
56.599 0 1 83.019 12 2
63.006 0 1 95.123 0 2
63.786 4 1 96.151 0 2
56.959 0 1 80.939 4 2
56.959 0 1 78.964 0 2
56.718 4 1 79.306 4 2
56.855 8 1 79.105 4 2
56.429 0 1 79.634 0 2
58.873 0 1 90.380 4 2
64.766 0 1 94.745 0 2
63.860 4 1 97.530 12 2
61.265 0 1 81.772 8 2
56.781 4 1 79.268 4 2
56.700 4 1 82.698 0 2
63.308 12 1 90.373 0 2
57.417 4 1 79.125 4 2
56.411 0 1 79.303 8 2
56.375 0 1 78.424 4 2
56.465 4 1 78.898 4 2
57.915 4 1 77.969 4 2
56.049 0 1 79.019 0 2
56.280 0 1 78.926 4 2
56.034 4 1 78.651 4 2
56.765 0 1 78.963 4 2
56.546 0 1 78.104 4 2
56.742 0 1 77.618 0 2
56.446 8 1 78.938 0 2
56.241 0 1 79.186 4 2
56.583 8 1 78.869 4 2
57.004 0 1 79.181 4 2
59.547 0 1 82.501 4 2
56.129 0 1 79.102 0 2
56.164 4 1 78.322 0 2
56.359 0 1 79.256 0 2
56.431 0 1 79.302 0 2
56.128 4 1 78.794 0 2
56.305 0 1 79.003 0 2
56.446 4 1 86.817 0 2
62.919 4 1 86.641 0 2
56.437 0 1 79.438 0 2
56.409 4 1 79.356 0 2
56.018 0 1 79.160 4 2
56.974 0 1 78.952 8 2
56.099 4 1 79.532 4 2
56.058 0 1 79.321 8 2
56.554 0 1 79.371 0 2
56.206 4 1 79.620 0 2
56.512 0 1 79.054 0 2
56.512 0 1 78.977 8 2
57.226 4 1 78.841 0 2
57.420 0 1 79.003 0 2
59.816 4 1 88.209 0 2
56.746 0 1 79.204 4 2
57.708 8 1 78.751 4 2
56.749 0 1 79.302 4 2
55.726 0 1 78.934 0 2
55.726 0 1 79.076 8 2
56.432 4 1 77.884 4 2
56.816 8 1 80.600 8 2
62.217 0 1 94.531 0 2
60.557 0 1 79.692 4 2
56.627 0 1 78.405 8 2
56.124 4 1 78.841 4 2
56.973 0 1 78.865 0 2
56.054 0 1 79.101 4 2
56.054 0 1 78.803 0 2
56.413 8 1 78.872 4 2
56.822 4 1 78.308 4 2
56.946 4 1 77.196 8 2
57.547 0 1 81.828 4 2
59.719 0 1 82.856 4 2
58.278 0 1 79.589 0 2
56.955 8 1 79.059 0 2
56.045 0 1 79.813 4 2
59.674 0 1 95.268 0 2
63.901 0 1 92.822 4 2
61.121 0 1 79.358 0 2
56.874 0 1 78.969 8 2
56.874 0 1 86.259 4 2
62.110 4 1 83.999 8 2
56.084 12 1 78.975 0 2
56.061 4 1 78.926 8 2
55.972 0 1 78.537 8 2
56.283 4 1 79.303 4 2
56.025 4 1 81.495 0 2
60.486 4 1 92.517 4 2
60.869 8 1 79.111 4 2
56.308 4 1 77.908 4 2
56.678 4 1 79.012 4 2
56.723 0 1 77.739 0 2
56.414 4 1 78.398 0 2
56.090 12 1 79.791 4 2
56.033 8 1 79.177 8 2
56.580 4 1 77.880 0 2
58.725 0 1 76.510 12 2
59.508 0 1 77.153 8 2
56.882 0 1 88.831 4 2
64.511 0 1 95.767 0 2
62.101 0 1 79.983 4 2
56.852 8 1 79.439 0 2
57.431 4 1 78.934 0 2
58.000 0 1 79.210 4 2
56.820 0 1 79.434 4 2
56.558 0 1 78.505 0 2
56.615 0 1 78.821 0 2
56.498 0 1 79.471 4 2
57.417 0 1 78.918 8 2
57.658 0 1 79.366 4 2
56.186 0 1 78.790 8 2
56.565 0 1 79.513 0 2
56.039 0 1 79.290 4 2
56.039 0 1 77.167 0 2
57.563 0 1 82.487 0 2
57.377 0 1 77.740 0 2
57.840 0 1 77.643 0 2
57.026 0 1 79.178 0 2
57.026 0 1 79.155 0 2
57.779 8 1 79.397 8 2
57.848 0 1 78.892 4 2
56.284 4 1 79.452 0 2
56.947 0 1 79.675 0 2
57.702 0 1 79.608 0 2
57.702 0 1 78.698 12 2
57.359 4 1 79.104 4 2
56.405 0 1 79.599 4 2
56.698 0 1 79.062 4 2
57.176 0 1 79.483 12 2
58.202 8 1 79.504 0 2
57.550 8 1 78.968 4 2
56.906 8 1 79.118 4 2
57.792 0 1 79.450 4 2
58.188 4 1 91.775 0 2
64.034 4 1 83.756 0 2
58.377 4 1 79.289 8 2
56.736 4 1 79.093 0 2
56.398 0 1 79.469 4 2
56.571 0 1 79.656 4 2
56.529 4 1 79.114 0 2
56.926 0 1 77.235 8 2
58.174 0 1 76.421 4 2
59.082 4 1 82.748 0 2
59.722 8 1 96.196 0 2
63.332 4 1 94.515 4 2
63.696 0 1 84.893 4 2
57.692 0 1 78.775 0 2
56.452 0 1 78.534 4 2
57.515 8 1 77.750 0 2
55.778 0 1 79.054 16 2
56.116 0 1 80.170 4 2
58.137 4 1 78.965 12 2
56.383 0 1 79.036 8 2
56.492 8 1 79.036 8 2
56.629 0 1 78.997 4 2
57.153 4 1 79.288 8 2
55.867 4 1 79.235 16 2
56.737 0 1 78.721 4 2
56.433 0 1 78.801 4 2
56.756 8 1 79.111 8 2
56.240 0 1 78.874 0 2
56.371 4 1 78.705 0 2
56.523 0 1 78.339 8 2
59.489 0 1 85.214 12 2
64.579 4 1 94.465 8 2
60.177 0 1 86.975 0 2
56.272 4 1 78.945 4 2
56.252 4 1 79.248 0 2
56.108 4 1 78.680 0 2
56.183 4 1 79.264 4 2
56.025 0 1 79.058 4 2
58.293 0 1 80.509 0 2
56.123 0 1 79.412 4 2
61.075 4 1 90.912 0 2
57.295 0 1 80.593 4 2
56.192 0 1 80.035 12 2
56.159 0 1 79.073 0 2
56.293 4 1 79.658 0 2
56.149 4 1 77.056 0 2
56.367 0 1 78.860 4 2
56.013 4 1 78.724 0 2
55.928 0 1 79.035 0 2
55.979 0 1 79.103 8 2
56.402 4 1 77.436 8 2
56.703 4 1 79.795 4 2
57.323 4 1 81.309 4 2
59.754 0 1 85.761 0 2
57.124 8 1 77.425 0 2
56.349 0 1 78.868 4 2
56.382 4 1 79.075 0 2
56.334 4 1 79.073 4 2
56.795 4 1 79.719 0 2
57.246 0 1 79.191 4 2
56.304 0 1 78.622 4 2
56.380 0 1 78.639 4 2
56.261 8 1 79.600 0 2
61.256 0 1 92.099 0 2
56.657 4 1 78.559 4 2
55.979 0 1 79.059 4 2
57.726 4 1 79.027 8 2
56.217 4 1 79.376 8 2
56.206 4 1 78.987 16 2
56.814 0 1 79.140 8 2
56.412 0 1 78.735 0 2
56.462 4 1 78.700 0 2
56.217 4 1 79.207 4 2
60.171 0 1 85.143 0 2
56.421 0 1 78.802 0 2
56.072 4 1 79.062 4 2
56.729 0 1 79.080 4 2
56.439 4 1 78.635 0 2
55.923 0 1 79.354 4 2
60.163 0 1 90.071 12 2
58.526 0 1 80.539 4 2
56.379 4 1 79.011 0 2
57.757 4 1 79.397 4 2
58.127 0 1 79.085 4 2
56.271 8 1 78.997 0 2
56.571 8 1 78.692 0 2
56.401 0 1 79.135 12 2
58.130 0 1 79.036 0 2
59.282 8 1 87.237 8 2
60.184 0 1 83.315 4 2
57.886 4 1 78.622 0 2
56.860 0 1 79.244 4 2
56.171 4 1 78.513 0 2
55.910 0 1 79.472 12 2
56.141 4 1 78.701 0 2
56.841 8 1 78.108 4 2
56.590 0 1 79.853 4 2
59.071 4 1 84.627 8 2
55.985 4 1 78.999 0 2
56.716 0 1 78.056 4 2
57.990 0 1 78.412 0 2
55.990 0 1 79.651 8 2
56.025 0 1 79.086 0 2
56.980 4 1 79.355 4 2
57.754 0 1 79.136 0 2
56.846 4 1 78.295 4 2
56.345 8 1 78.956 0 2
57.712 0 1 84.438 4 2
59.457 0 1 78.558 4 2
56.252 8 1 79.087 0 2
56.438 0 1 78.713 8 2
55.551 4 1 75.666 0 2
54.601 0 1 75.639 8 2
55.298 4 1 74.822 0 2
55.370 4 1 76.049 0 2
55.192 0 1 76.482 12 2
57.772 8 1 78.619 0 2
55.123 4 1 75.311 0 2
56.399 4 1 75.794 0 2
57.266 8 1 75.413 0 2
54.504 0 1 74.737 4 2
54.966 0 1 75.374 0 2
55.553 4 1 75.709 0 2
56.151 4 1 76.140 0 2
56.106 0 1 76.438 8 2
58.974 0 1 84.664 4 2
60.525 0 1 85.171 4 2
56.042 0 1 76.292 8 2
55.958 12 1 75.563 8 2
58.226 4 1 76.959 0 2
57.983 4 1 76.649 0 2
57.508 4 1 80.301 8 2
56.271 0 1 77.813 4 2
56.325 4 1 78.120 4 2
55.832 0 1 77.723 4 2
56.123 0 1 78.320 0 2
57.002 8 1 78.023 0 2
56.000 0 1 78.442 4 2
56.680 0 1 79.182 12 2
56.300 4 1 78.586 4 2
57.637 4 1 83.895 0 2
57.660 0 1 79.070 8 2
57.225 4 1 78.782 0 2
58.414 0 1 78.834 8 2
57.882 4 1 79.414 4 2
56.442 8 1 78.651 0 2
56.815 0 1 78.379 0 2
56.320 0 1 78.409 0 2
57.210 0 1 77.529 8 2
56.665 0 1 77.215 0 2
55.800 0 1 78.963 4 2
55.800 0 1 76.351 4 2
56.318 4 1 75.174 0 2
56.311 4 1 76.201 0 2
55.628 0 1 76.082 4 2
55.893 0 1 80.293 0 2
